100307  
101915  
105014  
110411  
113922  
117122  
120111  
123925  
127630  
129028  
131722  
135932  
140925  
148335  
149741  
153025  
160123  
176542  
190031  
199655  
211720  
239944  
366446  
654754  
792564
100408  
103111  
105115  
111312  
114419  
118528  
122317  
124422  
127933  
130013  
133019  
136833  
144832
148840
151223
154734
161731
178950
192540
201111
212318
245333
397760
672756
856766
101107
103414
106016
111716
115320
118730
122620
125525
128127
130316
133928
138534
146432
149337
151526
156637
162733
188347
196750
208226
214423
280739
414229
751348
857263
101309
103818
108828
113619
116524
118932
123117
126325
128632
131217
135225
139637
147737
149539
151627
159340
163129
189450
198451
211417
221319
298051
499566
756055
899885
